0000601000000000 9894700000000000 
0000601100000000 9894700000000000 
0000002000000000 7039900000000000 	 	 
0000002100000000 7039900000000000 	 	 
0000002000000000 7939900000000000 		
0000002100000000 7939900000000000 		
0000002000000000 9039900000000000 		
0000002100000000 9039900000000000 		
0000602000000000 7033700000000000 		
0000602100000000 7033700000000000 		
0000602000000000 7939900000000000 		
0000602100000000 7939900000000000 		
0000003000000000 9899900000000000 	 
0000003100000000 9899900000000000 	 
